{
  "asset": {
    "version": "2.0",
    "generator": "GLTFExporter"
  },
  "scenes": [
    {
      "name": "AuxScene",
      "nodes": [
        38
      ]
    }
  ],
  "scene": 0,
  "nodes": [
    {
      "translation": [
        0,
        17.75692332265842,
        0
      ],
      "name": "pCube1",
      "extras": {
        "transformData": {
          "inheritType": 1,
          "eulerOrder": "ZYX",
          "translation": [
            0,
            17.75692332265842,
            0
          ],
          "parentMatrixWorld": {
            "elements": [
              1,
              0,
              0,
              0,
              0,
              1,
              0,
              0,
              0,
              0,
              1,
              0,
              -0.016074902759346088,
              -10.606478525916058,
              0.5418457532277623,
              1
            ]
          }
        }
      },
      "mesh": 0,
      "skin": 0
    },
    {
      "rotation": [
        0,
        -0.3206762429373584,
        0,
        0.9471888656522417
      ],
      "translation": [
        0,
        17.0057208763142,
        -0.8794551787321938
      ],
      "name": "pCube2",
      "extras": {
        "transformData": {
          "inheritType": 1,
          "eulerOrder": "ZYX",
          "translation": [
            0,
            17.0057208763142,
            -0.8794551787321938
          ],
          "rotation": [
            0,
            -37.40765222642112,
            0
          ],
          "parentMatrixWorld": {
            "elements": [
              1,
              0,
              0,
              0,
              0,
              1,
              0,
              0,
              0,
              0,
              1,
              0,
              -0.016074902759346088,
              -10.606478525916058,
              0.5418457532277623,
              1
            ]
          }
        }
      },
      "mesh": 1,
      "skin": 1
    },
    {
      "name": "mixamorigSpine2"
    },
    {
      "name": "mixamorigNeck"
    },
    {
      "name": "mixamorigHead"
    },
    {
      "translation": [
        0,
        3.6991539001464844,
        -0.09282410144805908
      ],
      "name": "mixamorigHeadTop_End",
      "extras": {
        "transformData": {
          "eulerOrder": "ZYX",
          "translation": [
            0,
            3.6991539001464844,
            -0.09282410144805908
          ],
          "parentMatrixWorld": {
            "elements": [
              0.9917569976095796,
              0.0347518805929521,
              0.123330308607112,
              0,
              0.03436134398609071,
              0.8551301385778156,
              -0.5172733837251858,
              0,
              -0.12343968675163525,
              0.5172472931454423,
              0.8468871774781788,
              0,
              0,
              0.8398647308349609,
              -0.021075010299682617,
              1
            ]
          }
        }
      }
    },
    {
      "rotation": [
        -0.26913736341949307,
        -0.0641988385604779,
        0.000101600668830917,
        0.9609597342103002
      ],
      "translation": [
        0,
        0.8398647308349609,
        -0.021075010299682617
      ],
      "name": "mixamorigHead",
      "extras": {
        "transformData": {
          "eulerOrder": "ZYX",
          "translation": [
            0,
            0.8398647308349609,
            -0.021075010299682617
          ],
          "parentMatrixWorld": {
            "elements": [
              0.9990242083022678,
              -0.03637994501488153,
              0.02504257945978802,
              0,
              0.0417836511492646,
              0.9622253835720405,
              -0.26902869015980635,
              0,
              -0.014309356446820371,
              0.26981254461788595,
              0.9628065389952378,
              0,
              0,
              2.174802858338202,
              3.263635728334435e-8,
              1
            ]
          }
        }
      },
      "children": [
        4,
        5
      ]
    },
    {
      "rotation": [
        -0.13600761535203598,
        -0.00993272714986649,
        -0.019729084627331816,
        0.9904615145684672
      ],
      "translation": [
        0,
        2.174802858338202,
        3.263635728334435e-8
      ],
      "name": "mixamorigNeck",
      "extras": {
        "transformData": {
          "eulerOrder": "ZYX",
          "translation": [
            0,
            2.174802858338202,
            3.263635728334435e-8
          ],
          "preRotation": [
            -0.8785477498560018,
            0,
            0
          ],
          "parentMatrixWorld": {
            "elements": [
              0.9924781730406453,
              -0.0013048092327540162,
              0.12241475812303115,
              0,
              -0.016341049194489934,
              0.9895830071182825,
              0.14303300820212286,
              0,
              -0.12132619521223503,
              -0.14395752428057176,
              0.9821182130268715,
              0,
              0,
              1.9331592394742803,
              -4.81202633295652e-10,
              1
            ]
          }
        }
      },
      "children": [
        3,
        6
      ]
    },
    {
      "rotation": [
        8.402566836762659e-19,
        -1.7347234759768075e-18,
        1.4576129950196368e-36,
        1
      ],
      "translation": [
        0.021814753939034093,
        0.05716674837273139,
        0.0036254988037125457
      ],
      "name": "mixamorigLeftHandIndex4",
      "extras": {
        "transformData": {
          "eulerOrder": "ZYX",
          "translation": [
            0.021814753939034093,
            0.05716674837273139,
            0.0036254988037125457
          ],
          "preRotation": [
            9.628632336461818e-17,
            -1.9878466759146985e-16,
            0
          ],
          "parentMatrixWorld": {
            "elements": [
              0.7399599711344965,
              0.6670327003149547,
              0.08675618424943118,
              0,
              -0.6724942203025951,
              0.7308248230112834,
              0.11681874861272602,
              0,
              0.014518348893243098,
              -0.14478422938420674,
              0.9893567330293541,
              0,
              -0.08613047701353915,
              0.20746914110370263,
              0.010506179289773598,
              1
            ]
          }
        }
      }
    },
    {
      "rotation": [
        0.07031787662795826,
        -0.019417252943147886,
        0.3600596960517708,
        0.9300728013341344
      ],
      "translation": [
        -0.08613047701353915,
        0.20746914110370263,
        0.010506179289773598
      ],
      "name": "mixamorigLeftHandIndex3",
      "extras": {
        "transformData": {
          "eulerOrder": "ZYX",
          "translation": [
            -0.08613047701353915,
            0.20746914110370263,
            0.010506179289773598
          ],
          "preRotation": [
            9.628632336461818e-17,
            -1.9878466759146985e-16,
            0
          ],
          "parentMatrixWorld": {
            "elements": [
              0.9122295621078335,
              -0.3946046885695046,
              -0.11011073067257877,
              0,
              0.40963254209010835,
              0.8826283753078967,
              0.23058261260446203,
              0,
              0.006197879563245107,
              -0.2554492132179469,
              0.9668026109249317,
              0,
              3.3003821897636954e-10,
              0.22169134208997932,
              -8.263574713396338e-9,
              1
            ]
          }
        }
      },
      "children": [
        8
      ]
    },
    {
      "rotation": [
        0.12529822013401165,
        0.029984171970940318,
        -0.20733105984704842,
        0.9697500597027191
      ],
      "translation": [
        3.3003821897636954e-10,
        0.22169134208997932,
        -8.263574713396338e-9
      ],
      "name": "mixamorigLeftHandIndex2",
      "extras": {
        "transformData": {
          "eulerOrder": "ZYX",
          "translation": [
            3.3003821897636954e-10,
            0.22169134208997932,
            -8.263574713396338e-9
          ],
          "preRotation": [
            9.318030822542103e-18,
            1.9878467547347576e-16,
            1.9878467547347576e-16
          ],
          "parentMatrixWorld": {
            "elements": [
              0.9995395905231058,
              -0.028994386323422276,
              -0.008940499594124972,
              0,
              0.030341024920476575,
              0.9534874445486321,
              0.2999018418172256,
              0,
              -0.0001708158055466072,
              -0.3000350280889172,
              0.9539281692965723,
              0,
              2.1745805156569986e-10,
              0.7163076980647096,
              7.102904930889054e-10,
              1
            ]
          }
        }
      },
      "children": [
        9
      ]
    },
    {
      "rotation": [
        0.15175965922957016,
        0.002218373782418054,
        -0.01500944889756357,
        0.988300963760411
      ],
      "translation": [
        2.1745805156569986e-10,
        0.7163076980647096,
        7.102904930889054e-10
      ],
      "scale": [
        1,
        0.9999999999999998,
        0.9999999999999999
      ],
      "name": "mixamorigLeftHandIndex1",
      "extras": {
        "transformData": {
          "eulerOrder": "ZYX",
          "translation": [
            2.1745805156569986e-10,
            0.7163076980647096,
            7.102904930889054e-10
          ],
          "preRotation": [
            -10.38384583589307,
            -2.096941013239644e-8,
            -2.830087368103503
          ],
          "parentMatrixWorld": {
            "elements": [
              0.9128527970788275,
              0.14888375314013666,
              -0.3801754862398211,
              0,
              -0.30365323248531234,
              0.8700255772467518,
              -0.3883944019390961,
              0,
              0.2729367814861134,
              0.4699884308228387,
              0.8394143141643013,
              0,
              2.0468138295370863e-10,
              3.0832788148325925,
              9.303292358708859e-9,
              1
            ]
          }
        }
      },
      "children": [
        10
      ]
    },
    {
      "rotation": [
        -0.2255065994975393,
        0.1715797671664866,
        0.1188864372402524,
        0.9516160887026518
      ],
      "translation": [
        2.0468138295370863e-10,
        3.0832788148325925,
        9.303292358708859e-9
      ],
      "scale": [
        0.9999999999999999,
        0.9999999999999999,
        1
      ],
      "name": "mixamorigLeftHand",
      "extras": {
        "transformData": {
          "eulerOrder": "ZYX",
          "translation": [
            2.0468138295370863e-10,
            3.0832788148325925,
            9.303292358708859e-9
          ],
          "preRotation": [
            3.0337938908383433,
            6.611688121671089e-8,
            2.027101019876291
          ],
          "parentMatrixWorld": {
            "elements": [
              0.505170579044403,
              0.8629723001560102,
              -0.009028095781781995,
              0,
              -0.8629708756877125,
              0.505003390679281,
              -0.015901396262013968,
              0,
              -0.00916324531936485,
              0.01582390128077649,
              0.9998328055666534,
              0,
              -5.976430461629434e-11,
              2.5851888601905735,
              5.952607295967027e-9,
              1
            ]
          }
        }
      },
      "children": [
        11
      ]
    },
    {
      "rotation": [
        -0.009143068391799942,
        -0.00003894940507881785,
        0.49740799044722067,
        0.8674685615182434
      ],
      "translation": [
        -5.976430461629434e-11,
        2.5851888601905735,
        5.952607295967027e-9
      ],
      "name": "mixamorigLeftForeArm",
      "extras": {
        "transformData": {
          "eulerOrder": "ZYX",
          "translation": [
            -5.976430461629434e-11,
            2.5851888601905735,
            5.952607295967027e-9
          ],
          "preRotation": [
            1.519124237763641,
            -2.004615688626696e-8,
            -0.386236325556647
          ],
          "parentMatrixWorld": {
            "elements": [
              0.7168087447914809,
              0.688529242813353,
              -0.11005769403222468,
              0,
              -0.6259610412854165,
              0.7049708888432187,
              0.33344986298947427,
              0,
              0.3071774552562364,
              -0.1701279463394912,
              0.9363217880598687,
              0,
              1.0941669792430275e-10,
              1.0225495364381452,
              -6.8316605705831535e-9,
              1
            ]
          }
        }
      },
      "children": [
        12
      ]
    },
    {
      "rotation": [
        0.13740093512090237,
        0.11384238664911792,
        0.3586579688314373,
        0.916256153726056
      ],
      "translation": [
        1.0941669792430275e-10,
        1.0225495364381452,
        -6.8316605705831535e-9
      ],
      "name": "mixamorigLeftArm",
      "extras": {
        "transformData": {
          "eulerOrder": "ZYX",
          "translation": [
            1.0941669792430275e-10,
            1.0225495364381452,
            -6.8316605705831535e-9
          ],
          "preRotation": [
            -15.475322543558553,
            -1.1965302008576445e-7,
            -0.5136116667760557
          ],
          "parentMatrixWorld": {
            "elements": [
              0.3429948000012257,
              0.04624563581858764,
              -0.9381982472917214,
              0,
              0.8410249985893085,
              -0.459965033567069,
              0.2847967958606142,
              0,
              -0.4183677351342684,
              -0.8867319799986654,
              -0.19665938052840026,
              0,
              0.48030738035839704,
              1.9993085923771705,
              0.004512925908568999,
              1
            ]
          }
        }
      },
      "children": [
        13
      ]
    },
    {
      "rotation": [
        0.7070394639086094,
        0.31372740833409235,
        -0.47966416716215193,
        0.4142374067010739
      ],
      "translation": [
        0.48030738035839704,
        1.9993085923771705,
        0.004512925908568999
      ],
      "scale": [
        0.9999999999999999,
        0.9999999999999999,
        1
      ],
      "name": "mixamorigLeftShoulder",
      "extras": {
        "transformData": {
          "eulerOrder": "ZYX",
          "translation": [
            0.48030738035839704,
            1.9993085923771705,
            0.004512925908568999
          ],
          "preRotation": [
            110.05892944425162,
            89.46194316472744,
            0.007006886489991684
          ],
          "parentMatrixWorld": {
            "elements": [
              0.9924781730406453,
              -0.0013048092327540162,
              0.12241475812303115,
              0,
              -0.016341049194489934,
              0.9895830071182825,
              0.14303300820212286,
              0,
              -0.12132619521223503,
              -0.14395752428057176,
              0.9821182130268715,
              0,
              0,
              1.9331592394742803,
              -4.81202633295652e-10,
              1
            ]
          }
        }
      },
      "children": [
        14
      ]
    },
    {
      "rotation": [
        9.41900637346782e-18,
        1.7347234759768075e-18,
        3.2526065174565133e-19,
        1
      ],
      "translation": [
        0.03767633630216083,
        0.09324467397636038,
        0.011808282022037986
      ],
      "name": "mixamorigRightHandIndex4",
      "extras": {
        "transformData": {
          "eulerOrder": "ZYX",
          "translation": [
            0.03767633630216083,
            0.09324467397636038,
            0.011808282022037986
          ],
          "preRotation": [
            1.0793386248130587e-15,
            1.9878466759146985e-16,
            3.7272125173400593e-17
          ],
          "parentMatrixWorld": {
            "elements": [
              0.9417433708362839,
              0.32997474507605673,
              -0.06508522556184515,
              0,
              -0.336021147894876,
              0.9314092907425896,
              -0.13988036307517562,
              0,
              0.014463994671415577,
              0.15360141737179536,
              0.9880270221569438,
              0,
              0.023359347327641555,
              0.4164567284627205,
              -0.06579373488560591,
              1
            ]
          }
        }
      }
    },
    {
      "rotation": [
        -0.07467773754063271,
        0.020241651052729757,
        0.1694656016556681,
        0.9824942148497917
      ],
      "translation": [
        0.023359347327641555,
        0.4164567284627205,
        -0.06579373488560591
      ],
      "name": "mixamorigRightHandIndex3",
      "extras": {
        "transformData": {
          "eulerOrder": "ZYX",
          "translation": [
            0.023359347327641555,
            0.4164567284627205,
            -0.06579373488560591
          ],
          "preRotation": [
            1.0793386248130587e-15,
            1.9878466759146985e-16,
            3.7272125173400593e-17
          ],
          "parentMatrixWorld": {
            "elements": [
              0.9967790557360784,
              0.07761065701976376,
              0.020201480177404366,
              0,
              -0.07941954431594093,
              0.9203043758949654,
              0.38305663770959736,
              0,
              0.011137767507259349,
              -0.3834272259890969,
              0.9235039299698931,
              0,
              -8.515499416716921e-11,
              0.31519413647400185,
              6.075140390748857e-13,
              1
            ]
          }
        }
      },
      "children": [
        16
      ]
    },
    {
      "rotation": [
        0.1955573764085748,
        -0.0023124764319780652,
        0.04006400609914497,
        0.9798708156337864
      ],
      "translation": [
        -8.515499416716921e-11,
        0.31519413647400185,
        6.075140390748857e-13
      ],
      "name": "mixamorigRightHandIndex2",
      "extras": {
        "transformData": {
          "eulerOrder": "ZYX",
          "translation": [
            -8.515499416716921e-11,
            0.31519413647400185,
            6.075140390748857e-13
          ],
          "preRotation": [
            5.621878599525562e-16,
            1.9878466191322756e-16,
            3.727212410873017e-17
          ],
          "parentMatrixWorld": {
            "elements": [
              0.9996905784565866,
              0.024805789607584502,
              0.001849366536586426,
              0,
              -0.024546433353416604,
              0.9717328242246006,
              0.2348037303848201,
              0,
              0.004027401677095291,
              -0.2347764724050203,
              0.9720410428062364,
              0,
              5.95449467510889e-10,
              0.36084606846182155,
              -3.6142466797173256e-10,
              1
            ]
          }
        }
      },
      "children": [
        17
      ]
    },
    {
      "rotation": [
        0.11823357330486711,
        0.0005483980711196689,
        0.012426183294250059,
        0.9929079145291088
      ],
      "translation": [
        5.95449467510889e-10,
        0.36084606846182155,
        -3.6142466797173256e-10
      ],
      "name": "mixamorigRightHandIndex1",
      "extras": {
        "transformData": {
          "eulerOrder": "ZYX",
          "translation": [
            5.95449467510889e-10,
            0.36084606846182155,
            -3.6142466797173256e-10
          ],
          "preRotation": [
            4.460164742044895,
            4.095306843542194e-8,
            1.6254751524122824
          ],
          "parentMatrixWorld": {
            "elements": [
              0.9879873142217989,
              0.0021392688489111247,
              -0.15452019567151662,
              0,
              -0.002816559611915417,
              0.9999873623171701,
              -0.004164396514166914,
              0,
              0.1545093341307386,
              0.0045495862632504444,
              0.9879808537296165,
              0,
              5.959688298418087e-11,
              3.0831899148582194,
              -4.418353682922316e-9,
              1
            ]
          }
        }
      },
      "children": [
        18
      ]
    },
    {
      "rotation": [
        -0.002185072939987984,
        0.07749063550803215,
        0.0012426977355334892,
        0.9969899194149188
      ],
      "translation": [
        5.959688298418087e-11,
        3.0831899148582194,
        -4.418353682922316e-9
      ],
      "name": "mixamorigRightHand",
      "extras": {
        "transformData": {
          "eulerOrder": "ZYX",
          "translation": [
            5.959688298418087e-11,
            3.0831899148582194,
            -4.418353682922316e-9
          ],
          "preRotation": [
            -0.21625165176033748,
            6.160254706151866e-8,
            -1.7223051188541698
          ],
          "parentMatrixWorld": {
            "elements": [
              0.8267069051457047,
              -0.5626245221981061,
              0.0030541083359213084,
              0,
              0.5626254498139763,
              0.8266561402612546,
              -0.009602945293465889,
              0,
              0.0028781553112400132,
              0.009657140262066384,
              0.9999492266411939,
              0,
              -5.0443316190751375e-11,
              2.585226958223909,
              9.79995817829149e-9,
              1
            ]
          }
        }
      },
      "children": [
        19
      ]
    },
    {
      "rotation": [
        -0.005038309320999806,
        -0.00004602813220916571,
        -0.29435785246627727,
        0.9556819722866026
      ],
      "translation": [
        -5.0443316190751375e-11,
        2.585226958223909,
        9.79995817829149e-9
      ],
      "scale": [
        0.9999999999999999,
        1,
        1
      ],
      "name": "mixamorigRightForeArm",
      "extras": {
        "transformData": {
          "eulerOrder": "ZYX",
          "translation": [
            -5.0443316190751375e-11,
            2.585226958223909,
            9.79995817829149e-9
          ],
          "preRotation": [
            1.504827789891608,
            -4.4727040388699926e-8,
            -0.42010256854874667
          ],
          "parentMatrixWorld": {
            "elements": [
              0.8768325872811118,
              0.2849726072923536,
              -0.38724052703581896,
              0,
              0.09425822860295828,
              0.6878996360513907,
              0.7196592763458033,
              0,
              0.47146579836358576,
              -0.6675213111076911,
              0.57631180456115,
              0,
              -3.1660896127050364e-11,
              1.0225495377003737,
              -7.2938455275561864e-9,
              1
            ]
          }
        }
      },
      "children": [
        20
      ]
    },
    {
      "rotation": [
        0.39135059303282366,
        0.24225773682646798,
        0.053804231312805595,
        0.8861495371090109
      ],
      "translation": [
        -3.1660896127050364e-11,
        1.0225495377003737,
        -7.2938455275561864e-9
      ],
      "name": "mixamorigRightArm",
      "extras": {
        "transformData": {
          "eulerOrder": "ZYX",
          "translation": [
            -3.1660896127050364e-11,
            1.0225495377003737,
            -7.2938455275561864e-9
          ],
          "preRotation": [
            -15.478064109194865,
            -1.1784027192581152e-7,
            0.35958534050088603
          ],
          "parentMatrixWorld": {
            "elements": [
              0.30091650916949275,
              -0.05044724671201939,
              0.9523152246999489,
              0,
              -0.8405183915126746,
              -0.48579596485861426,
              0.2398562558874204,
              0,
              0.45053084847220337,
              -0.8726151873870648,
              -0.18858583421163197,
              0,
              -0.4803073604901442,
              1.99925273297608,
              0.0008702586851275784,
              1
            ]
          }
        }
      },
      "children": [
        21
      ]
    },
    {
      "rotation": [
        0.7027265307784635,
        -0.3169674116464992,
        0.49907254519696065,
        0.39576968939898866
      ],
      "translation": [
        -0.4803073604901442,
        1.99925273297608,
        0.0008702586851275784
      ],
      "scale": [
        1,
        0.9999999999999999,
        0.9999999999999999
      ],
      "name": "mixamorigRightShoulder",
      "extras": {
        "transformData": {
          "eulerOrder": "ZYX",
          "translation": [
            -0.4803073604901442,
            1.99925273297608,
            0.0008702586851275784
          ],
          "preRotation": [
            110.10052513669673,
            -89.89650217949317,
            -0.04189790185890364
          ],
          "parentMatrixWorld": {
            "elements": [
              0.9924781730406453,
              -0.0013048092327540162,
              0.12241475812303115,
              0,
              -0.016341049194489934,
              0.9895830071182825,
              0.14303300820212286,
              0,
              -0.12132619521223503,
              -0.14395752428057176,
              0.9821182130268715,
              0,
              0,
              1.9331592394742803,
              -4.81202633295652e-10,
              1
            ]
          }
        }
      },
      "children": [
        22
      ]
    },
    {
      "rotation": [
        0.07207106370709984,
        -0.06120992781151928,
        0.003776005427157619,
        0.9955123378261681
      ],
      "translation": [
        0,
        1.9331592394742803,
        -4.81202633295652e-10
      ],
      "name": "mixamorigSpine2",
      "extras": {
        "transformData": {
          "eulerOrder": "ZYX",
          "translation": [
            0,
            1.9331592394742803,
            -4.81202633295652e-10
          ],
          "preRotation": [
            9.939232948395473e-17,
            0,
            0
          ],
          "parentMatrixWorld": {
            "elements": [
              0.9924003034466298,
              -0.0009750032042430013,
              0.12304750176466556,
              0,
              -0.016692400477512994,
              0.9896584896995058,
              0.14246907858262717,
              0,
              -0.12191391261079261,
              -0.14344031495585954,
              0.9821211103398996,
              0,
              0,
              1.6915125645943796,
              5.305569317215486e-10,
              1
            ]
          }
        }
      },
      "children": [
        2,
        7,
        15,
        23
      ]
    },
    {
      "rotation": [
        0.0717995532841679,
        -0.061516412267329984,
        0.00394706200116043,
        0.9955124386600152
      ],
      "translation": [
        0,
        1.6915125645943796,
        5.305569317215486e-10
      ],
      "scale": [
        1,
        0.9999999999999999,
        0.9999999999999999
      ],
      "name": "mixamorigSpine1",
      "extras": {
        "transformData": {
          "eulerOrder": "ZYX",
          "translation": [
            0,
            1.6915125645943796,
            5.305569317215486e-10
          ],
          "preRotation": [
            -0.0000023485925845094633,
            0,
            0
          ],
          "parentMatrixWorld": {
            "elements": [
              0.998216253600293,
              0.023535180866481972,
              0.054867170038803585,
              0,
              -0.02831418856443673,
              0.9957163623355999,
              0.08801836510098099,
              0,
              -0.05256061084521873,
              -0.08941488204261105,
              0.9946066364008719,
              0,
              0,
              1.4496984481811523,
              0.02223074436187744,
              1
            ]
          }
        }
      },
      "children": [
        24
      ]
    },
    {
      "rotation": [
        0.044421995857405125,
        -0.026895503036915538,
        0.012980952054635946,
        0.9985663842815271
      ],
      "translation": [
        0,
        1.4496984481811523,
        0.02223074436187744
      ],
      "name": "mixamorigSpine",
      "extras": {
        "transformData": {
          "eulerOrder": "ZYX",
          "translation": [
            0,
            1.4496984481811523,
            0.02223074436187744
          ],
          "preRotation": [
            0.8785500984485863,
            0,
            0
          ],
          "parentMatrixWorld": {
            "elements": [
              0.8816145409225941,
              0.1489264656442165,
              -0.44785790785724794,
              0,
              -0.042541529278617644,
              0.9701236212641177,
              0.2388522072021411,
              0,
              0.47004895073405456,
              -0.191523018014598,
              0.8616106507406918,
              0,
              -0.10206094395907667,
              8.684658817859681,
              2.227914277781934,
              1
            ]
          }
        }
      },
      "children": [
        25
      ]
    },
    {
      "rotation": [
        1.7103821849705736e-9,
        6.93889424723115e-17,
        -2.7755577126595256e-17,
        1
      ],
      "translation": [
        -1.535700144827956e-8,
        0.9589389131799115,
        5.599125219024614e-9
      ],
      "name": "mixamorigLeftToe_End",
      "extras": {
        "transformData": {
          "eulerOrder": "ZYX",
          "translation": [
            -1.535700144827956e-8,
            0.9589389131799115,
            5.599125219024614e-9
          ],
          "preRotation": [
            1.9599536110635593e-7,
            7.951387102518989e-15,
            -3.180554841007595e-15
          ],
          "parentMatrixWorld": {
            "elements": [
              0.8447162060538468,
              1.7033781496422762e-7,
              0.5352144773240353,
              0,
              -0.3126176154504865,
              0.811683419222727,
              0.49339665599572635,
              0,
              -0.43442463471506887,
              -0.5840976233795891,
              0.6856421911346811,
              0,
              1.4187914842977989e-8,
              2.4211539200049566,
              1.984620212613919e-8,
              1
            ]
          }
        }
      }
    },
    {
      "rotation": [
        0.2946992516517639,
        -0.2652004063129425,
        0.08550228923559189,
        0.9140626192092896
      ],
      "translation": [
        1.4187914842977989e-8,
        2.4211539200049566,
        1.984620212613919e-8
      ],
      "name": "mixamorigLeftToeBase",
      "extras": {
        "transformData": {
          "eulerOrder": "ZYX",
          "translation": [
            1.4187914842977989e-8,
            2.4211539200049566,
            1.984620212613919e-8
          ],
          "preRotation": [
            35.73927451862536,
            -32.35846210598769,
            0.0000016368113739833873
          ],
          "parentMatrixWorld": {
            "elements": [
              0.8403397911523324,
              -0.40794225281389324,
              0.35694837644220234,
              0,
              -0.21921101205899002,
              0.3465012069925547,
              0.9120764241342948,
              0,
              -0.4957575589617086,
              -0.8447011244450041,
              0.20175331829963072,
              0,
              -3.591264619018375e-9,
              3.138620702698981,
              1.1080104389549206e-8,
              1
            ]
          }
        }
      },
      "children": [
        27
      ]
    },
    {
      "rotation": [
        0.5683496427948528,
        -0.2758659536534871,
        -0.06105800552495892,
        0.7727538720444891
      ],
      "translation": [
        -3.591264619018375e-9,
        3.138620702698981,
        1.1080104389549206e-8
      ],
      "name": "mixamorigLeftFoot",
      "extras": {
        "transformData": {
          "eulerOrder": "ZYX",
          "translation": [
            -3.591264619018375e-9,
            3.138620702698981,
            1.1080104389549206e-8
          ],
          "preRotation": [
            58.97570335941433,
            -15.555372378597674,
            -5.274423045824045e-7
          ],
          "parentMatrixWorld": {
            "elements": [
              0.9976802050704396,
              -0.0029836854098059286,
              0.06800960400221594,
              0,
              0.030351348759259367,
              0.9137428413434124,
              -0.4051577755988858,
              0,
              -0.060934425767842595,
              0.4062820758058601,
              0.9117137041967878,
              0,
              -2.1061336230587813e-8,
              4.638341809031036,
              6.297777632724433e-9,
              1
            ]
          }
        }
      },
      "children": [
        28
      ]
    },
    {
      "rotation": [
        -0.20749919248652474,
        -0.03297321669243451,
        -0.0085243442993553,
        0.9776421798092563
      ],
      "translation": [
        -2.1061336230587813e-8,
        4.638341809031036,
        6.297777632724433e-9
      ],
      "name": "mixamorigLeftLeg",
      "extras": {
        "transformData": {
          "eulerOrder": "ZYX",
          "translation": [
            -2.1061336230587813e-8,
            4.638341809031036,
            6.297777632724433e-9
          ],
          "preRotation": [
            -5.921539197816211,
            3.8727646659276245e-9,
            -2.582401387374167
          ],
          "parentMatrixWorld": {
            "elements": [
              -0.8762647577542035,
              -0.3583323718465077,
              0.3221147708541868,
              0,
              0.43557481048624086,
              -0.8749242856244471,
              0.2116176243485308,
              0,
              0.20599659896577027,
              0.32573815519815413,
              0.9227459308997666,
              0,
              1.3612975279490342,
              -0.8063888549804688,
              -0.05070239305496216,
              1
            ]
          }
        }
      },
      "children": [
        29
      ]
    },
    {
      "rotation": [
        -0.13776211105604924,
        -0.14017358990729095,
        -0.9583755754241676,
        0.20709709290675868
      ],
      "translation": [
        1.3612975279490342,
        -0.8063888549804688,
        -0.05070239305496216
      ],
      "scale": [
        1,
        0.9999999999999999,
        0.9999999999999999
      ],
      "name": "mixamorigLeftUpLeg",
      "extras": {
        "transformData": {
          "eulerOrder": "ZYX",
          "translation": [
            1.3612975279490342,
            -0.8063888549804688,
            -0.05070239305496216
          ],
          "preRotation": [
            1.2324791337924947,
            -0.1656993292908655,
            -172.34402304347265
          ],
          "parentMatrixWorld": {
            "elements": [
              0.8816145409225941,
              0.1489264656442165,
              -0.44785790785724794,
              0,
              -0.042541529278617644,
              0.9701236212641177,
              0.2388522072021411,
              0,
              0.47004895073405456,
              -0.191523018014598,
              0.8616106507406918,
              0,
              -0.10206094395907667,
              8.684658817859681,
              2.227914277781934,
              1
            ]
          }
        }
      },
      "children": [
        30
      ]
    },
    {
      "rotation": [
        -3.778327776583402e-9,
        4.1633362609178864e-17,
        2.775557530000351e-17,
        1
      ],
      "translation": [
        1.17793801379662e-8,
        0.9587528569500945,
        3.881373555891798e-9
      ],
      "name": "mixamorigRightToe_End",
      "extras": {
        "transformData": {
          "eulerOrder": "ZYX",
          "translation": [
            1.17793801379662e-8,
            0.9587528569500945,
            3.881373555891798e-9
          ],
          "preRotation": [
            -4.3296447043055436e-7,
            4.770831940904614e-15,
            3.180554627269743e-15
          ],
          "parentMatrixWorld": {
            "elements": [
              0.8485826262884092,
              0.00961773298590418,
              -0.5289754402662272,
              0,
              0.30928572281129296,
              0.8021755902249121,
              0.5107412770997464,
              0,
              0.42924335621851306,
              -0.5970107282793131,
              0.6777376424160066,
              0,
              4.843138334820196e-9,
              2.4050849441592215,
              -1.8855233263614934e-8,
              1
            ]
          }
        }
      }
    },
    {
      "rotation": [
        0.3035907581134061,
        0.26260965401166053,
        -0.08212707516812773,
        0.9122082736171926
      ],
      "translation": [
        4.843138334820196e-9,
        2.4050849441592215,
        -1.8855233263614934e-8
      ],
      "scale": [
        0.9999999999999999,
        1,
        1
      ],
      "name": "mixamorigRightToeBase",
      "extras": {
        "transformData": {
          "eulerOrder": "ZYX",
          "translation": [
            4.843138334820196e-9,
            2.4050849441592215,
            -1.8855233263614934e-8
          ],
          "preRotation": [
            35.90577373211407,
            31.665663491717865,
            -0.000002708330058602827
          ],
          "parentMatrixWorld": {
            "elements": [
              0.9173250920670843,
              0.030677362913319708,
              -0.39695537829146826,
              0,
              0.38152971345013537,
              0.21723951259013705,
              0.8984664980505689,
              0,
              0.11379697142057776,
              -0.9756361359488894,
              0.18757493121169588,
              0,
              -9.361453390255292e-9,
              3.135289236665668,
              7.235480437017827e-9,
              1
            ]
          }
        }
      },
      "children": [
        32
      ]
    },
    {
      "rotation": [
        0.6149208583763547,
        0.16758541800478693,
        -0.11511985770760234,
        0.7619283882107465
      ],
      "translation": [
        -9.361453390255292e-9,
        3.135289236665668,
        7.235480437017827e-9
      ],
      "scale": [
        0.9999999999999999,
        0.9999999999999999,
        1
      ],
      "name": "mixamorigRightFoot",
      "extras": {
        "transformData": {
          "eulerOrder": "ZYX",
          "translation": [
